F 2 4 0 4 0
F 15 3 0 5 0
F 11 15 0 3 0
D 3 10 17 6 0
D 3 9 16 6 0
D 8 2 16 6 1
D 18 13 16 6 0
W 0 6 16 9 0
W 12 9 16 9 0
W 7 17 16 10 0
W 18 14 16 9 0
S 19 7 16 7 0
S 9 8 16 4 0
S 17 16 16 5 0
G 14 1 16 0 0
C 8 2 15 0 0
# 10 2 16 0 0
G 12 3 16 0 0
C 14 6 16 0 0
# 6 8 16 0 0
G 18 8 16 0 0
# 12 9 15 0 0
# 10 12 16 0 0
G 17 16 15 0 0
C 2 18 16 0 0
G 7 14 15 0 0
C 15 5 14 0 0
G 15 0 13 0 0
# 11 11 12 0 0
# 3 14 12 0 0
# 13 16 12 0 0
G 16 0 12 0 0
# 11 12 11 0 0
C 3 17 11 0 0
C 16 4 11 0 0
G 15 1 10 0 0
# 11 13 10 0 0
G 13 2 9 0 0
G 16 1 9 0 0
# 7 7 8 0 0
G 19 8 8 0 0
G 18 15 8 0 0
# 4 13 8 0 0
# 14 15 8 0 0
C 4 16 8 0 0
G 18 16 7 0 0
# 10 13 6 0 0
G 19 9 6 0 0
# 5 12 6 0 0
C 5 15 6 0 0
# 19 13 5 0 0
# 12 11 5 0 0
C 4 17 5 0 0
G 17 0 5 0 0
# 15 14 5 0 0
G 19 10 5 0 0
# 6 11 5 0 0
# 11 1 4 0 0
G 19 7 3 0 0
# 12 10 4 0 0
G 17 1 4 0 0
G 18 10 4 0 0
# 7 8 3 0 0
C 3 18 3 0 0
# 5 13 3 0 0
C 6 14 3 0 0
# 12 0 3 0 0
G 18 7 3 0 0
C 3 19 2 0 0
C 5 16 2 0 0
C 15 6 1 0 0
G 17 2 1 0 0
# 5 14 1 0 0
# 13 10 1 0 0
G 13 3 0 0 0
C 16 5 0 0 0
G 18 9 0 0 0
G 19 15 0 0 0
# 6 12 0 0 0
# 13 0 0 0 0
