W 2 1 0 9 0
G 14 1 0 0 0
# 5 2 0 0 0
C 8 2 0 0 0
# 10 2 0 0 0
S 17 2 0 4 0
G 12 3 0 0 0
$ 19 4 0 2 0
G 2 5 0 0 0
S 5 5 0 4 0
D 9 5 0 6 0
W 12 5 0 9 0
C 14 6 0 0 0
# 18 6 0 0 0
S 9 7 0 4 0
G 11 7 0 0 0
F 2 8 0 3 0
# 6 8 0 0 0
G 18 8 0 0 0
F 10 9 0 3 0
# 12 9 0 0 0
$ 0 10 0 2 0
C 4 10 0 0 0
S 16 10 0 4 0
D 8 11 0 6 0
D 13 11 0 6 0
D 2 12 0 6 0
W 6 12 0 9 0
# 10 12 0 0 0
C 13 13 0 0 0
# 18 13 0 0 0
S 13 14 0 4 0
# 2 15 0 0 0
G 6 15 0 0 0
F 9 15 0 3 0
$ 12 16 0 2 0
W 15 16 0 9 0
G 17 16 0 0 0
C 2 18 0 0 0
S 6 18 0 4 0
# 11 18 0 0 0
$ 15 18 0 2 0
# 19 19 0 0 0